33520 1114 1025 529 2290 588 3492 753 2650 276 4623 266 603 5569 400 1647 788 390 1133 2173 4756 3056 1188 0 2330 2617 1313 2316 958 2141 1086 1461 657 827 1042 1676 527 305 2433 728 390 862 703 658 531 1606 1110 254 867 2666 1220 274 1006 617 821 389 1560 520 588 662 302 1738 541 1190 356 208 272 1626 1767 878 2056 508 1271 5416 2687 534 223 242 403 415 296 295 520 1693 1385 2646 1496 829 153 753 256 292 735 231 227 614 1593 988 1851 2332 908 1045 310 2367 341 1608 817 0 148 880 607 1522 2677 
1114 15809 353 326 990 783 1085 1438 971 261 2210 541 226 1724 219 443 379 409 585 874 2219 1417 510 0 986 923 515 732 255 943 464 969 218 369 996 843 258 89 1031 297 482 697 347 1053 210 734 587 401 410 1183 321 147 351 339 351 288 899 173 338 209 129 657 383 390 93 65 730 755 490 616 563 832 841 2374 1088 298 146 82 143 172 279 147 176 586 458 868 547 266 80 318 102 111 1162 329 257 137 446 309 470 716 351 421 103 1147 115 1236 232 0 195 294 198 543 1305 
1025 353 12217 211 292 442 847 1307 1218 196 1856 488 204 1746 268 388 252 360 775 488 1725 916 460 0 686 323 196 1036 336 347 213 700 145 280 471 426 95 113 877 192 397 830 224 709 95 596 455 284 414 478 394 94 262 305 338 183 323 135 279 229 130 458 250 215 105 40 616 316 646 591 653 791 744 1941 601 201 139 92 58 185 234 119 88 330 386 383 258 237 60 120 111 72 943 197 180 246 490 368 704 739 161 319 85 974 57 1097 269 0 192 280 128 228 763 
529 326 211 10509 640 434 857 779 591 135 1286 283 155 1446 140 360 224 260 429 541 1373 1208 339 0 614 608 369 677 295 561 257 703 182 246 600 495 170 71 612 193 351 572 236 607 140 404 346 212 302 602 318 95 244 251 224 174 492 119 288 186 91 436 217 262 80 34 366 446 397 405 484 430 581 1685 690 187 86 71 79 120 223 112 133 430 296 557 308 177 57 216 97 45 620 208 178 177 323 243 602 535 229 279 82 777 104 635 159 0 115 201 131 346 933 
2290 990 292 640 29070 1109 1982 3815 1683 482 3983 1094 402 4130 460 995 723 1119 1563 965 3929 2504 1181 0 1430 756 447 2159 849 752 431 1937 467 654 1351 1084 267 214 1943 424 1171 1895 563 2039 213 1355 1143 672 1180 832 1057 188 652 842 635 523 810 291 636 560 249 1108 722 479 277 112 1411 604 1476 1746 1457 1562 1746 4332 1654 546 308 231 131 471 799 284 272 910 1091 835 553 548 167 226 168 122 2233 631 564 547 1309 969 2318 1696 369 683 184 2628 198 2407 464 0 367 574 207 452 2131 
588 783 442 434 1109 19667 1793 910 1531 214 2586 357 258 2978 266 955 381 417 630 2259 2883 1666 705 0 1175 1142 675 1307 605 1118 529 1140 413 354 1018 971 327 160 1122 477 517 742 388 720 233 834 726 375 613 1183 546 161 638 449 381 322 868 349 477 357 140 856 451 591 154 111 352 783 818 682 1026 483 939 2645 1435 383 179 141 175 264 314 163 278 1134 719 1092 654 359 86 339 144 533 669 330 271 393 659 469 1263 1080 392 596 154 1601 220 871 355 0 142 457 293 591 1881 
3492 1085 847 857 1982 1793 43815 4630 2756 676 7125 2108 718 5506 747 1215 980 1197 2030 2068 6604 3603 1500 0 2366 1837 1000 2908 803 1647 927 2736 726 1016 2315 1677 508 275 3407 655 1372 2523 821 2737 460 2273 1613 1059 1310 2524 1185 297 1033 1155 1008 842 1202 567 1018 732 424 1603 970 874 330 206 2211 1624 2100 1834 1789 2914 2576 6812 2897 735 421 257 282 627 887 735 292 1097 1270 2070 1360 677 217 664 340 284 3201 895 660 552 1947 1103 2105 2321 719 1071 254 3424 276 3998 767 0 598 887 521 1301 3229 
753 1438 1307 779 3815 910 4630 44741 3318 404 6616 450 782 6692 504 2103 1029 524 1626 2868 6431 4131 1498 0 3046 3148 1867 3443 1268 2737 1441 2055 959 1045 1479 2056 663 379 3373 1082 644 1184 891 902 597 2131 1490 343 1151 3272 1576 381 1366 836 1150 599 1767 624 792 899 421 2496 773 1418 420 296 535 2075 2476 1153 2542 834 2225 7255 3504 735 353 276 457 611 439 398 548 2166 1811 3328 2068 965 210 905 406 385 1193 400 368 756 2126 1251 2198 3329 1035 1379 341 3118 427 2353 1156 0 229 1141 754 2090 3592 
2650 971 1218 591 1683 1531 2756 3318 35003 552 4801 1208 545 5278 444 1356 704 992 1723 1867 4372 2849 1432 0 1829 1683 928 2372 866 1483 737 2177 451 770 1482 1319 369 284 2297 611 1441 2155 650 2103 341 1537 1058 730 1291 1766 1130 257 807 882 643 497 1186 403 675 593 321 1119 702 828 268 164 1652 1079 1644 1509 1608 1705 2026 5520 2284 702 329 233 400 620 725 365 329 1488 1059 1813 1063 622 193 530 283 221 2690 606 510 576 1242 937 1966 1759 582 872 283 2689 231 2902 651 0 416 733 473 890 2954 
276 261 196 135 482 214 676 404 552 7328 826 152 123 1165 88 374 151 132 258 481 841 655 271 0 473 452 258 454 201 394 220 393 126 180 261 314 113 59 456 163 179 270 139 280 113 293 198 107 257 437 235 59 237 162 163 81 301 128 150 155 83 371 121 225 62 68 156 322 386 267 412 216 343 1081 578 127 73 38 68 104 102 73 100 376 279 481 295 175 40 167 98 72 328 74 62 130 210 200 355 422 156 224 66 617 72 442 177 0 55 177 142 242 631 
4623 2210 1856 1286 3983 2586 7125 6616 4801 826 63453 2104 482 7592 560 3185 411 1798 2440 4205 5898 3133 2055 0 2583 4339 2212 5982 1931 3708 1851 4148 1617 369 2204 2901 966 564 1669 1277 2082 4161 612 3527 815 563 1317 1285 1288 5334 2406 392 1884 1742 1825 974 3137 864 1402 1267 582 3618 1198 1793 604 387 2951 3102 3832 2845 4071 3390 2296 3564 4590 475 648 360 640 939 1288 500 896 3247 2820 4670 2758 1343 395 1297 607 542 4707 978 945 1095 2232 1797 3611 4850 1343 2124 536 5756 620 3059 1575 0 703 1635 939 3147 4940 
266 541 488 283 1094 357 2108 450 1208 152 2104 15828 279 2473 198 748 345 195 535 960 2150 1441 567 0 1073 1077 594 1075 460 1008 534 702 301 358 537 847 262 142 1134 332 268 398 353 379 216 713 525 131 451 1364 541 148 484 314 392 182 642 250 296 356 128 847 280 498 132 99 161 728 814 431 921 266 650 2484 1289 278 114 99 177 218 136 97 254 729 643 1157 694 360 63 593 134 136 388 132 139 275 477 447 803 1110 363 535 128 1148 179 758 384 0 66 442 271 659 1213 
603 226 204 155 402 258 718 782 545 123 482 279 7386 915 84 371 78 224 296 498 685 351 248 0 312 415 270 481 181 422 207 477 163 85 321 265 114 60 222 127 264 492 81 469 100 187 177 170 187 478 207 47 229 240 157 104 305 103 142 112 61 397 153 222 52 48 412 318 398 407 426 439 343 636 504 71 95 38 75 109 169 55 106 394 283 456 304 133 39 161 73 63 584 134 118 116 227 169 364 463 155 227 67 687 57 422 155 0 96 203 150 241 576 
5569 1724 1746 1446 4130 2978 5506 6692 5278 1165 7592 2473 915 70013 889 3092 1178 1884 3107 4256 8949 5768 2754 0 3957 3960 2213 4166 1473 3593 1730 5346 1162 1287 3789 2925 927 462 3632 1415 2850 4156 1337 4547 876 2667 2210 1669 2085 4036 1768 498 1937 1921 1300 1262 2923 945 1467 1074 588 3227 1563 1965 585 329 3236 2594 3238 3186 3054 3640 3413 9684 5289 1180 779 400 608 1285 1356 677 722 3049 1947 3980 2387 1304 381 1517 626 540 5467 1280 1156 963 1883 1624 3324 3682 1470 1831 503 6273 742 4794 1248 0 925 1423 1082 2139 7251 
400 219 268 140 460 266 747 504 444 88 560 198 84 889 6889 303 97 176 284 432 708 441 200 0 349 437 293 522 192 423 207 399 133 118 234 323 99 50 299 145 194 323 124 355 104 232 198 134 190 482 218 54 195 164 147 92 344 89 127 135 65 352 145 209 65 41 224 285 329 305 421 294 296 698 452 82 89 37 81 112 134 67 114 394 325 457 277 157 48 158 60 73 416 105 100 122 195 207 344 450 159 248 67 532 72 378 118 0 72 144 123 304 525 
1647 443 388 360 995 955 1215 2103 1356 374 3185 748 371 3092 303 21750 477 551 907 1206 3044 2034 850 0 1265 990 575 1239 501 952 467 1527 242 458 1121 799 239 137 1542 371 883 1209 453 1324 213 1090 769 582 804 1121 655 171 398 511 463 361 642 251 450 347 190 766 483 563 185 79 1097 674 948 879 853 1200 1183 3385 1530 443 212 141 182 387 420 202 206 700 530 1176 650 335 132 360 148 157 1570 439 341 322 922 580 1173 946 408 506 145 1509 132 1758 383 0 284 447 329 622 2059 
788 379 252 224 723 381 980 1029 704 151 411 345 78 1178 97 477 9964 316 368 568 933 490 346 0 370 618 375 747 272 547 275 679 212 85 431 439 152 79 252 221 343 615 103 655 128 164 217 211 254 641 347 70 328 353 188 146 479 112 250 197 101 535 212 301 98 61 485 447 574 524 595 505 410 651 767 77 118 62 107 175 252 91 122 476 410 626 401 187 82 265 91 85 752 180 164 176 235 289 596 671 196 298 79 1043 99 441 232 0 129 217 165 362 867 
390 409 360 260 1119 417 1197 524 992 132 1798 195 224 1884 176 551 316 13615 404 904 1863 1233 483 0 958 844 519 734 357 857 438 667 403 362 624 679 253 98 985 307 277 395 307 475 193 574 515 164 329 1023 369 131 396 269 368 187 720 197 265 227 131 691 260 445 136 71 231 699 604 402 688 338 618 2026 1136 253 100 80 133 173 136 144 195 670 540 859 599 261 84 350 228 119 533 191 128 213 924 342 607 785 323 374 113 926 108 721 236 0 98 293 234 531 1082 
1133 585 775 429 1563 630 2030 1626 1723 258 2440 535 296 3107 284 907 368 404 22571 1400 2697 1696 714 0 1303 1434 745 1511 490 1264 701 1272 447 410 1039 1033 312 125 1394 493 550 987 367 984 305 811 652 367 531 1638 650 180 686 514 500 388 974 319 424 389 195 1129 432 688 189 136 691 999 1090 858 1184 933 1134 2848 1646 310 216 122 208 332 326 172 299 1063 847 1613 917 447 105 599 1379 228 1185 329 292 452 803 574 928 1564 502 669 157 1685 289 1383 550 0 233 536 385 895 1749 
2173 874 488 541 965 2259 2068 2868 1867 481 4205 960 498 4256 432 1206 568 904 1400 30159 3930 2552 1237 0 1581 891 641 2534 797 958 606 1934 402 627 1415 1042 300 273 2041 459 1130 1969 648 1689 276 1462 1218 1015 1256 1324 1022 195 716 774 676 502 900 384 586 580 275 1157 686 675 269 161 1266 860 1537 1314 1516 1568 1632 4718 1807 589 411 208 196 596 609 303 279 1048 1055 1098 705 541 155 379 233 317 2058 543 502 538 1205 912 1781 1725 428 873 230 2270 200 2405 659 0 401 704 346 610 2536 
4756 2219 1725 1373 3929 2883 6604 6431 4372 841 5898 2150 685 8949 708 3044 933 1863 2697 3930 64229 4234 2138 0 3123 3985 2134 5071 1534 3490 1829 3928 1241 1013 2379 2735 876 436 2921 1238 2164 4127 852 3624 774 1989 1668 1303 1711 4651 1732 444 1857 1933 1271 937 3035 805 1400 1141 494 3635 1151 1824 471 393 3012 3012 3329 3029 3550 3134 3320 6608 4644 770 715 381 652 980 1265 602 763 3176 2571 4295 2620 1223 385 1296 565 545 4580 999 968 1028 1736 1482 3199 4383 1327 1946 507 5760 602 4154 1422 0 781 1263 986 2652 5016 
3056 1417 916 1208 2504 1666 3603 4131 2849 655 3133 1441 351 5768 441 2034 490 1233 1696 2552 4234 40966 1479 0 1682 2304 1251 2926 1073 2071 1079 3294 675 460 1931 1720 577 329 1411 829 1826 2572 544 2621 462 1036 1022 919 1234 2288 1184 263 1320 1305 714 669 1556 598 827 758 375 2065 903 1117 345 214 2724 1623 2245 2042 2222 1981 1918 3646 2887 438 496 245 359 785 947 383 496 1941 1573 2312 1380 786 239 929 323 274 3022 715 644 703 1091 1074 2402 2433 758 1235 375 4135 340 2467 794 0 564 823 670 1204 4010 
1188 510 460 339 1181 705 1500 1498 1432 271 2055 567 248 2754 200 850 346 483 714 1237 2138 1479 18807 0 1047 1115 596 1060 458 1067 486 1291 476 332 865 818 260 123 976 382 704 979 354 950 240 612 535 419 498 1130 515 146 563 493 435 313 700 262 383 260 138 880 370 606 159 98 738 842 826 763 849 935 1005 2414 1462 332 175 108 273 327 321 185 230 851 599 1173 727 352 118 381 168 163 1211 321 262 258 794 375 847 951 412 466 172 1576 180 1132 348 0 202 437 277 625 1815 
0 0 0 0 0 0 0 0 0 0 0 0 0 0 0 0 0 0 0 0 0 0 0 0 0 0 0 0 0 0 0 0 0 0 0 0 0 0 0 0 0 0 0 0 0 0 0 0 0 0 0 0 0 0 0 0 0 0 0 0 0 0 0 0 0 0 0 0 0 0 0 0 0 0 0 0 0 0 0 0 0 0 0 0 0 0 0 0 0 0 0 0 0 0 0 0 0 0 0 0 0 0 0 0 0 0 0 0 0 0 0 0 5 
2330 986 686 614 1430 1175 2366 3046 1829 473 2583 1073 312 3957 349 1265 370 958 1303 1581 3123 1682 1047 0 28802 1380 804 2268 745 1263 673 1946 435 415 1207 1141 316 245 1275 539 1144 2048 399 1890 309 892 879 665 870 1557 1017 182 810 816 709 475 1107 399 592 558 277 1428 599 676 232 187 1394 1007 1554 1339 1780 1555 1404 3049 1793 381 337 208 314 508 646 257 336 1293 1136 1496 961 536 169 516 239 205 2242 538 500 540 969 838 1671 1947 497 896 222 2729 223 2050 676 0 383 663 376 839 2084 
2617 923 323 608 756 1142 1837 3148 1683 452 4339 1077 415 3960 437 990 618 844 1434 891 3985 2304 1115 0 1380 28257 397 2195 736 624 457 1879 368 664 1266 1029 214 206 2031 386 1054 1718 568 1908 212 1400 1119 647 1003 943 1000 183 671 773 642 527 721 331 608 547 265 1231 645 431 263 127 1576 616 1580 1471 1446 1563 1761 4383 1568 538 322 213 144 492 669 322 224 807 998 857 551 498 165 319 163 149 2313 485 457 512 1207 885 1778 1682 367 755 203 2744 192 2408 522 0 432 631 256 488 2050 
1313 515 196 369 447 675 1000 1867 928 258 2212 594 270 2213 293 575 375 519 745 641 2134 1251 596 0 804 397 16032 1147 388 430 303 1029 202 320 753 576 140 156 1026 241 613 1042 408 1090 136 797 634 401 642 580 553 120 433 410 387 315 418 205 362 305 167 615 373 316 124 103 777 331 834 1342 837 871 839 2471 830 331 283 129 80 321 415 183 140 482 595 464 329 297 88 181 112 87 1231 284 323 321 600 509 921 884 197 414 111 1371 104 1251 282 0 255 334 182 254 1205 
2316 732 1036 677 2159 1307 2908 3443 2372 454 5982 1075 481 4166 522 1239 747 734 1511 2534 5071 2926 1060 0 2268 2195 1147 35328 425 2033 1161 1828 584 798 1643 1508 506 138 2467 638 841 1749 617 1825 386 2058 1187 715 797 3119 493 240 798 749 403 594 1567 407 779 496 180 1754 561 947 201 180 1501 1756 1153 1348 1442 2032 2005 5125 2733 564 353 149 385 428 527 390 392 1418 1187 2404 1462 471 164 679 365 328 2307 571 497 237 759 484 942 2462 801 897 197 2525 268 2751 676 0 395 514 562 1619 2651 
958 255 336 295 849 605 803 1268 866 201 1931 460 181 1473 192 501 272 357 490 797 1534 1073 458 0 745 736 388 425 12793 799 382 765 320 282 724 489 207 49 787 256 417 670 253 850 129 671 458 338 341 878 141 95 358 391 118 253 433 204 259 168 53 608 196 344 70 92 681 530 413 564 462 800 693 1802 1012 248 141 60 129 175 251 129 99 504 280 832 519 170 83 246 131 112 948 277 207 82 317 156 353 524 278 263 47 1118 68 984 158 0 169 175 217 404 1066 
2141 943 347 561 752 1118 1647 2737 1483 394 3708 1008 422 3593 423 952 547 857 1264 958 3490 2071 1067 0 1263 624 430 2033 799 26488 461 1748 434 580 1267 1082 269 208 1888 460 1662 1781 555 1818 327 1268 1115 695 1059 939 952 178 694 765 601 447 736 329 602 557 254 1073 588 455 210 110 1488 581 1310 1250 1396 1461 1592 3933 1480 489 295 185 139 434 633 298 266 790 1049 794 544 451 142 293 175 160 1943 579 435 538 1194 766 1674 1544 320 672 189 2356 151 2229 496 0 387 583 194 446 1828 
1086 464 213 257 431 529 927 1441 737 220 1851 534 207 1730 207 467 275 438 701 606 1829 1079 486 0 673 457 303 1161 382 461 13713 883 207 275 585 467 134 107 966 196 724 1003 249 867 93 724 597 310 515 527 425 89 293 356 286 236 333 165 310 264 116 475 298 234 90 51 730 324 973 661 725 853 844 2083 717 262 155 120 80 231 324 167 132 469 469 478 342 212 62 132 87 80 1100 252 204 237 647 385 794 779 187 381 93 1117 87 1204 245 0 194 256 132 344 901 
1461 969 700 703 1937 1140 2736 2055 2177 393 4148 702 477 5346 399 1527 679 667 1272 1934 3928 3294 1291 0 1946 1879 1029 1828 765 1748 883 31725 659 740 1572 1410 483 202 1880 651 1038 1513 811 1421 405 1259 985 569 1047 1828 713 282 898 838 757 331 1284 528 656 468 191 810 412 974 227 179 892 1208 1506 1253 1525 1035 1638 4636 2399 664 320 200 302 541 535 313 411 1474 1060 1958 1198 480 162 594 277 211 1459 464 419 514 1578 690 1596 1653 705 865 249 2674 286 2018 566 0 318 610 496 1071 3842 
657 218 145 182 467 413 726 959 451 126 1617 301 163 1162 133 242 212 403 447 402 1241 675 476 0 435 368 202 584 320 434 207 659 9297 190 481 358 134 79 632 144 308 479 175 621 68 455 331 257 344 432 342 51 105 173 272 131 284 66 183 149 104 228 200 223 76 15 396 270 326 341 396 616 533 1492 592 177 80 72 72 110 154 97 92 325 288 431 282 161 60 138 60 54 732 187 139 171 516 332 578 488 152 222 73 557 52 760 160 0 125 224 93 246 649 
827 369 280 246 654 354 1016 1045 770 180 369 358 85 1287 118 458 85 362 410 627 1013 460 332 0 415 664 320 798 282 580 275 740 190 10420 430 432 152 98 296 216 437 670 120 698 144 145 236 240 236 709 378 69 333 357 227 177 433 145 223 195 91 617 263 309 79 61 539 458 588 476 704 531 441 666 700 99 114 73 101 189 254 86 135 498 441 742 394 236 65 248 82 98 850 173 168 189 247 286 599 711 190 356 79 1002 108 517 237 0 122 232 179 426 865 
1042 996 471 600 1351 1018 2315 1479 1482 261 2204 537 321 3789 234 1121 431 624 1039 1415 2379 1931 865 0 1207 1266 753 1643 724 1267 585 1572 481 430 22901 1159 407 173 1075 490 830 1216 508 1150 320 758 629 355 757 1346 701 176 637 706 421 311 1070 357 553 465 197 1041 370 615 198 115 681 843 1102 953 1312 605 1212 2525 1430 374 269 149 210 338 488 198 383 1336 911 1226 783 423 133 427 167 164 1157 312 338 488 672 564 1623 1460 426 754 168 2214 249 1235 409 0 205 464 297 678 2310 
1676 843 426 495 1084 971 1677 2056 1319 314 2901 847 265 2925 323 799 439 679 1033 1042 2735 1720 818 0 1141 1029 576 1508 489 1082 467 1410 358 432 1159 22130 266 142 1232 400 836 1428 358 1499 340 1001 757 521 765 1165 564 200 527 690 346 371 787 270 513 412 170 957 483 480 168 95 1105 713 1006 1052 1177 1027 1402 2944 1335 368 253 143 179 319 515 201 235 950 900 1004 627 407 142 375 176 153 1670 424 366 334 624 461 1180 1245 347 694 155 2201 162 1619 359 0 266 395 260 596 1673 
527 258 95 170 267 327 508 663 369 113 966 262 114 927 99 239 152 253 312 300 876 577 260 0 316 214 140 506 207 269 134 483 134 152 407 266 7075 53 474 122 311 500 153 564 81 332 256 193 261 251 231 48 193 224 176 113 196 83 165 141 60 240 181 145 56 30 377 152 344 332 370 384 435 953 407 145 76 49 53 103 172 75 64 224 260 223 148 137 35 76 33 37 534 175 126 147 308 199 420 406 91 189 48 586 45 556 118 0 98 167 79 152 497 
305 89 113 71 214 160 275 379 284 59 564 142 60 462 50 137 79 98 125 273 436 329 123 0 245 206 156 138 49 208 107 202 79 98 173 142 53 3945 243 74 113 260 78 240 42 170 136 98 125 310 51 39 113 112 46 64 155 57 91 67 24 189 82 151 25 29 170 182 142 167 160 211 208 539 307 86 75 22 47 65 68 38 48 159 101 257 154 63 23 93 42 57 298 60 66 33 99 68 113 202 72 102 23 279 39 281 81 0 51 55 57 146 310 
2433 1031 877 612 1943 1122 3407 3373 2297 456 1669 1134 222 3632 299 1542 252 985 1394 2041 2921 1411 976 0 1275 2031 1026 2467 787 1888 966 1880 632 296 1075 1232 474 243 31151 623 1130 2106 314 1806 381 614 686 660 775 2285 956 205 864 885 767 523 1462 421 635 647 279 1774 620 952 248 193 1615 1483 1837 1574 1874 1714 1333 2303 2190 229 334 184 326 488 650 244 409 1550 1366 2191 1370 571 185 646 336 300 2390 494 473 494 963 797 1494 2385 636 1092 218 2739 270 1831 771 0 381 686 502 1390 2178 
728 297 192 193 424 477 655 1082 611 163 1277 332 127 1415 145 371 221 307 493 459 1238 829 382 0 539 386 241 638 256 460 196 651 144 216 490 400 122 74 623 10003 379 674 197 640 132 444 456 265 422 435 268 64 257 241 178 155 282 107 247 214 99 384 223 271 65 54 578 316 464 500 475 506 497 1407 542 171 121 77 72 138 235 84 123 369 461 366 258 166 71 121 77 73 732 188 170 182 340 247 557 601 152 287 82 816 71 753 177 0 143 180 104 226 729 
390 482 397 351 1171 517 1372 644 1441 179 2082 268 264 2850 194 883 343 277 550 1130 2164 1826 704 0 1144 1054 613 841 417 1662 724 1038 308 437 830 836 311 113 1130 379 17209 559 515 457 239 679 553 237 499 1052 414 164 530 336 347 242 728 293 317 238 161 880 289 754 154 114 249 864 797 464 779 521 719 2858 1438 390 160 92 181 263 180 127 216 853 587 1044 727 340 87 369 159 127 594 176 165 261 594 446 829 920 591 414 195 1202 165 881 316 0 114 435 306 549 2028 
862 697 830 572 1895 742 2523 1184 2155 270 4161 398 492 4156 323 1209 615 395 987 1969 4127 2572 979 0 2048 1718 1042 1749 670 1781 1003 1513 479 670 1216 1428 500 260 2106 674 559 28621 602 919 375 1375 997 345 698 2238 892 260 754 468 718 404 1263 401 470 525 330 1518 554 954 270 172 457 1518 1380 888 1530 677 1227 4963 2400 485 194 180 341 395 317 253 357 1287 1221 1882 1304 535 130 706 306 303 992 309 276 441 986 753 1255 1874 715 860 215 1826 269 1680 725 0 188 785 492 1162 2412 
703 347 224 236 563 388 821 891 650 139 612 353 81 1337 124 453 103 307 367 648 852 544 354 0 399 568 408 617 253 555 249 811 175 120 508 358 153 78 314 197 515 602 9682 613 127 210 204 252 287 616 309 74 307 315 187 150 404 130 179 169 90 506 225 331 86 80 446 346 469 475 528 427 439 768 653 127 134 68 89 200 204 92 146 475 426 536 326 195 59 195 83 91 659 177 183 192 294 252 559 540 189 296 89 931 82 501 195 0 129 215 161 325 934 
658 1053 709 607 2039 720 2737 902 2103 280 3527 379 469 4547 355 1324 655 475 984 1689 3624 2621 950 0 1890 1908 1090 1825 850 1818 867 1421 621 698 1150 1499 564 240 1806 640 457 919 613 28272 375 1138 924 281 713 2228 875 273 887 569 613 378 2182 405 620 515 276 1366 529 825 287 158 361 1366 1367 849 1604 594 1307 4225 2115 502 233 208 277 376 360 269 402 1512 1138 1731 1141 561 129 592 282 213 891 311 274 565 1348 755 1645 1801 677 873 261 2160 284 1439 570 0 187 642 454 1084 2452 
531 210 95 140 213 233 460 597 341 113 815 216 100 876 104 213 128 193 305 276 774 462 240 0 309 212 136 386 129 327 93 405 68 144 320 340 81 42 381 132 239 375 127 375 6122 263 179 154 243 348 171 78 153 162 122 104 170 60 152 125 62 217 144 158 41 36 323 161 274 260 326 306 353 766 358 103 89 65 50 103 122 55 62 221 264 242 143 128 35 87 43 38 463 104 119 125 212 135 357 352 110 159 40 517 38 448 95 0 69 129 68 156 417 
1606 734 596 404 1355 834 2273 2131 1537 293 563 713 187 2667 232 1090 164 574 811 1462 1989 1036 612 0 892 1400 797 2058 671 1268 724 1259 455 145 758 1001 332 170 614 444 679 1375 210 1138 263 21297 437 434 451 1745 722 143 636 578 520 273 1061 317 427 433 241 1236 386 670 203 152 893 994 1277 918 1286 1119 664 1193 1570 147 258 119 229 346 439 155 268 1120 967 1570 982 469 108 487 238 189 1651 307 278 385 592 643 1166 1610 481 730 177 1785 227 1091 535 0 282 532 399 978 1755 
1110 587 455 346 1143 726 1613 1490 1058 198 1317 525 177 2210 198 769 217 515 652 1218 1668 1022 535 0 879 1119 634 1187 458 1115 597 985 331 236 629 757 256 136 686 456 553 997 204 924 179 437 16913 349 473 1234 463 139 499 483 345 227 825 228 326 353 138 893 328 572 144 104 688 773 780 789 969 750 740 1565 1163 175 194 95 174 257 341 151 247 947 861 1110 709 329 104 353 180 177 1125 241 261 292 392 421 918 1119 333 571 135 1369 165 936 387 0 186 394 278 648 1231 
254 401 284 212 672 375 1059 343 730 107 1285 131 170 1669 134 582 211 164 367 1015 1303 919 419 0 665 647 401 715 338 695 310 569 257 240 355 521 193 98 660 265 237 345 252 281 154 434 349 10793 351 739 412 82 311 215 300 128 545 148 183 215 120 577 207 382 112 96 162 469 531 313 610 172 497 1513 766 229 98 82 124 168 131 102 185 726 508 707 402 238 58 259 82 106 334 91 98 206 373 308 602 703 265 370 114 838 93 578 232 0 64 268 198 402 887 
867 410 414 302 1180 613 1310 1151 1291 257 1288 451 187 2085 190 804 254 329 531 1256 1711 1234 498 0 870 1003 642 797 341 1059 515 1047 344 236 757 765 261 125 775 422 499 698 287 713 243 451 473 351 15824 1216 429 124 501 411 334 268 720 264 257 242 146 861 322 702 139 153 498 741 695 627 714 718 588 1734 1302 255 188 95 189 291 242 121 239 875 593 1067 718 300 99 390 156 145 927 223 245 240 460 396 667 796 403 464 122 1192 147 821 285 0 196 370 334 532 1522 
2666 1183 478 602 832 1183 2524 3272 1766 437 5334 1364 478 4036 482 1121 641 1023 1638 1324 4651 2288 1130 0 1557 943 580 3119 878 939 527 1828 432 709 1346 1165 251 310 2285 435 1052 2238 616 2228 348 1745 1234 739 1216 32562 1174 215 736 829 746 503 744 362 2556 638 322 1226 647 520 280 121 1740 636 1808 1576 1813 1991 2111 5036 1541 567 321 225 180 537 788 474 235 939 1220 1028 589 554 201 273 212 185 2506 599 517 587 1323 954 2097 2181 356 818 216 2802 163 2883 662 0 509 674 256 629 1942 
1220 321 394 318 1057 546 1185 1576 1130 235 2406 541 207 1768 218 655 347 369 650 1022 1732 1184 515 0 1017 1000 553 493 141 952 425 713 342 378 701 564 231 51 956 268 414 892 309 875 171 722 463 412 429 1174 15432 119 419 438 101 226 644 187 312 177 52 760 214 442 75 104 756 772 478 677 524 886 888 2403 1207 303 185 79 171 224 346 171 189 639 319 1177 705 184 88 336 152 136 1119 308 233 74 254 146 298 665 504 341 74 1206 96 1259 233 0 203 175 282 599 1152 
274 147 94 95 188 161 297 381 257 59 392 148 47 498 54 171 70 131 180 195 444 263 146 0 182 183 120 240 95 178 89 282 51 69 176 200 48 39 205 64 164 260 74 273 78 143 139 82 124 215 119 3949 73 131 78 77 154 52 88 87 39 175 79 105 34 29 175 130 204 209 214 188 208 512 231 58 46 30 54 65 95 33 49 152 146 194 117 61 19 69 19 31 286 71 58 60 118 78 248 250 71 108 24 350 32 286 58 0 56 84 49 107 310 
1006 351 262 244 652 638 1033 1366 807 237 1884 484 229 1937 195 398 328 396 686 716 1857 1320 563 0 810 671 433 798 358 694 293 898 105 333 637 527 193 113 864 257 530 754 307 887 153 636 499 311 501 736 419 73 13992 277 290 256 489 129 324 260 167 461 316 372 113 56 737 490 544 540 713 661 770 2130 832 234 188 96 123 225 321 157 150 549 366 678 398 268 86 225 111 102 1055 236 232 234 459 395 743 712 243 365 100 895 102 1062 243 0 182 290 186 380 1269 
617 339 305 251 842 449 1155 836 882 162 1742 314 240 1921 164 511 353 269 514 774 1933 1305 493 0 816 773 410 749 391 765 356 838 173 357 706 690 224 112 885 241 336 468 315 569 162 578 483 215 411 829 438 131 277 13313 330 239 508 154 310 207 142 541 287 379 119 63 396 506 508 371 867 472 635 2207 1018 254 78 105 100 151 227 122 157 587 457 807 486 275 71 297 119 90 715 200 179 197 441 352 707 660 274 374 109 762 125 855 245 0 125 326 180 433 1282 
821 351 338 224 635 381 1008 1150 643 163 1825 392 157 1300 147 463 188 368 500 676 1271 714 435 0 709 642 387 403 118 601 286 757 272 227 421 346 176 46 767 178 347 718 187 613 122 520 345 300 334 746 101 78 290 330 11249 140 411 103 210 180 39 616 162 354 50 76 552 552 377 494 608 892 576 1674 771 216 147 47 103 143 219 110 138 408 223 763 596 129 80 200 108 77 809 173 155 83 274 86 299 607 215 282 72 901 72 1013 196 0 135 104 187 579 693 
389 288 183 174 523 322 842 599 497 81 974 182 104 1262 92 361 146 187 388 502 937 669 313 0 475 527 315 594 253 447 236 331 131 177 311 371 113 64 523 155 242 404 150 378 104 273 227 128 268 503 226 77 256 239 140 8228 401 129 180 177 54 344 106 214 55 58 263 357 363 306 481 266 421 1121 619 135 86 60 90 119 126 73 109 444 337 494 305 136 62 171 70 44 392 125 114 121 217 186 369 521 182 261 63 758 81 526 179 0 84 170 118 325 691 
1560 899 323 492 810 868 1202 1767 1186 301 3137 642 305 2923 344 642 479 720 974 900 3035 1556 700 0 1107 721 418 1567 433 736 333 1284 284 433 1070 787 196 155 1462 282 728 1263 404 2182 170 1061 825 545 720 744 644 154 489 508 411 401 20624 237 727 358 194 757 521 379 184 87 909 503 932 1203 1036 1186 1328 2998 1202 391 198 161 109 289 474 206 129 506 570 749 476 347 99 260 137 112 1748 444 407 360 731 476 1202 1128 303 503 99 2082 142 1604 338 0 240 387 182 397 1487 
520 173 135 119 291 349 567 624 403 128 864 250 103 945 89 251 112 197 319 384 805 598 262 0 399 331 205 407 204 329 165 528 66 145 357 270 83 57 421 107 293 401 130 405 60 317 228 148 264 362 187 52 129 154 103 129 237 6909 143 119 73 275 147 187 59 22 308 214 284 288 333 313 366 1070 450 129 75 55 66 92 148 78 65 325 195 331 221 113 39 115 60 64 510 136 107 107 220 168 376 378 124 186 58 470 48 517 143 0 94 132 105 171 605 
588 338 279 288 636 477 1018 792 675 150 1402 296 142 1467 127 450 250 265 424 586 1400 827 383 0 592 608 362 779 259 602 310 656 183 223 553 513 165 91 635 247 317 470 179 620 152 427 326 183 257 2556 312 88 324 310 210 180 727 143 11384 185 87 567 219 240 80 59 383 466 506 431 593 413 575 1336 714 178 96 74 79 141 196 128 140 481 466 601 371 220 54 176 119 71 587 181 147 157 284 253 485 721 208 396 82 896 101 692 182 0 103 190 219 485 903 
662 209 229 186 560 357 732 899 593 155 1267 356 112 1074 135 347 197 227 389 580 1141 758 260 0 558 547 305 496 168 557 264 468 149 195 465 412 141 67 647 214 238 525 169 515 125 433 353 215 242 638 177 87 260 207 180 177 358 119 185 9292 81 375 190 295 77 53 429 409 288 390 396 543 489 1277 618 131 83 47 90 114 160 110 105 390 291 585 382 181 60 179 95 61 648 183 135 94 251 181 319 512 207 231 55 701 91 684 169 0 121 173 163 375 618 
302 129 130 91 249 140 424 421 321 83 582 128 61 588 65 190 101 131 195 275 494 375 138 0 277 265 167 180 53 254 116 191 104 91 197 170 60 24 279 99 161 330 90 276 62 241 138 120 146 322 52 39 167 142 39 54 194 73 87 81 4576 189 53 129 30 40 184 198 173 217 205 233 240 616 332 75 83 29 37 56 93 40 52 225 105 281 182 68 31 112 42 37 313 78 87 38 95 41 138 220 103 123 35 408 41 381 80 0 72 68 109 167 369 
1738 657 458 436 1108 856 1603 2496 1119 371 3618 847 397 3227 352 766 535 691 1129 1157 3635 2065 880 0 1428 1231 615 1754 608 1073 475 810 228 617 1041 957 240 189 1774 384 880 1518 506 1366 217 1236 893 577 861 1226 760 175 461 541 616 344 757 275 567 375 189 24002 412 534 188 91 1166 748 1186 975 1084 1377 1411 3987 1457 433 220 150 186 389 523 241 226 842 634 1166 743 321 121 346 179 166 1849 464 353 385 847 688 1343 1198 442 615 153 1856 145 2067 451 0 287 551 293 734 1877 
541 383 250 217 722 451 970 773 702 121 1198 280 153 1563 145 483 212 260 432 686 1151 903 370 0 599 645 373 561 196 588 298 412 200 263 370 483 181 82 620 223 289 554 225 529 144 386 328 207 322 647 214 79 316 287 162 106 521 147 219 190 53 412 10362 315 62 73 333 457 447 416 502 361 571 1420 747 194 132 71 100 170 193 87 159 627 374 688 397 147 58 222 87 94 533 136 128 151 259 180 426 581 226 365 92 924 111 619 196 0 94 167 175 362 822 
1190 390 215 262 479 591 874 1418 828 225 1793 498 222 1965 209 563 301 445 688 675 1824 1117 606 0 676 431 316 947 344 455 234 974 223 309 615 480 145 151 952 271 754 954 331 825 158 670 572 382 702 520 442 105 372 379 354 214 379 187 240 295 129 534 315 14110 118 106 737 345 730 639 706 818 739 2279 849 280 230 117 102 309 278 121 125 506 534 499 309 250 96 173 99 80 1049 255 230 266 565 422 827 712 165 388 114 1089 91 1126 247 0 222 292 152 236 1104 
356 93 105 80 277 154 330 420 268 62 604 132 52 585 65 185 98 136 189 269 471 345 159 0 232 263 124 201 70 210 90 227 76 79 198 168 56 25 248 65 154 270 86 287 41 203 144 112 139 280 75 34 113 119 50 55 184 59 80 77 30 188 62 118 4349 24 228 169 168 247 178 243 231 589 304 73 49 34 38 69 96 46 52 192 115 284 154 63 36 87 39 33 313 69 80 61 105 58 184 218 89 110 33 339 31 356 71 0 51 72 93 154 341 
208 65 40 34 112 111 206 296 164 68 387 99 48 329 41 79 61 71 136 161 393 214 98 0 187 127 103 180 92 110 51 179 15 61 115 95 30 29 193 54 114 172 80 158 36 152 104 96 153 121 104 29 56 63 76 58 87 22 59 53 40 91 73 106 24 2855 121 79 133 106 122 119 156 461 165 50 46 16 28 57 68 27 26 109 74 121 70 63 18 49 24 21 208 55 44 52 102 82 162 171 47 80 24 147 19 223 71 0 41 70 38 60 227 
272 730 616 366 1411 352 2211 535 1652 156 2951 161 412 3236 224 1097 485 231 691 1266 3012 2724 738 0 1394 1576 777 1501 681 1488 730 892 396 539 681 1105 377 170 1615 578 249 457 446 361 323 893 688 162 498 1740 756 175 737 396 552 263 909 308 383 429 184 1166 333 737 228 121 21210 1227 1124 477 1243 313 800 3361 1846 359 132 151 228 240 179 157 310 1109 896 1574 1007 470 86 462 162 178 456 140 145 383 672 557 1119 1468 513 714 184 1417 211 1022 501 0 96 573 390 988 1678 
1626 755 316 446 604 783 1624 2075 1079 322 3102 728 318 2594 285 674 447 699 999 860 3012 1623 842 0 1007 616 331 1756 530 581 324 1208 270 458 843 713 152 182 1483 316 864 1518 346 1366 161 994 773 469 741 636 772 130 490 506 552 357 503 214 466 409 198 748 457 345 169 79 1227 20440 1079 884 1176 1194 1490 3179 936 351 194 149 106 314 517 265 179 669 662 717 377 359 120 180 134 85 1725 344 347 397 943 614 1164 1268 208 538 161 1780 102 1809 428 0 251 411 170 426 1284 
1767 490 646 397 1476 818 2100 2476 1644 386 3832 814 398 3238 329 948 574 604 1090 1537 3329 2245 826 0 1554 1580 834 1153 413 1310 973 1506 326 588 1102 1006 344 142 1837 464 797 1380 469 1367 274 1277 780 531 695 1808 478 204 544 508 377 363 932 284 506 288 173 1186 447 730 168 133 1124 1079 25177 938 1010 1291 1279 3956 1907 420 236 136 239 310 355 258 257 1081 684 1704 1059 420 133 509 214 197 1822 400 325 224 692 436 820 1375 500 620 150 1517 191 2051 523 0 276 455 392 1114 2234 
878 616 591 405 1746 682 1834 1153 1509 267 2845 431 407 3186 305 879 524 402 858 1314 3029 2042 763 0 1339 1471 1342 1348 564 1250 661 1253 341 476 953 1052 332 167 1574 500 464 888 475 849 260 918 789 313 627 1576 677 209 540 371 494 306 1203 288 431 390 217 975 416 639 247 106 477 884 938 22039 1085 722 1045 3400 1616 385 156 164 223 286 299 188 270 1052 786 1400 869 430 117 413 375 173 995 285 253 357 796 584 1039 1451 453 704 176 1498 189 1315 468 0 173 531 398 789 1992 
2056 563 653 484 1457 1026 1789 2542 1608 412 4071 921 426 3054 421 853 595 688 1184 1516 3550 2222 849 0 1780 1446 837 1442 462 1396 725 1525 396 704 1312 1177 370 160 1874 475 779 1530 528 1604 326 1286 969 610 714 1813 524 214 713 867 608 481 1036 333 593 396 205 1084 502 706 178 122 1243 1176 1010 1085 26575 1580 1414 4168 2011 443 282 136 245 367 442 248 260 938 862 1469 1045 390 130 476 236 235 1960 449 421 244 728 492 949 1261 549 628 162 1866 167 2236 458 0 324 510 375 937 1950 
508 832 791 430 1562 483 2914 834 1705 216 3390 266 439 3640 294 1200 505 338 933 1568 3134 1981 935 0 1555 1563 871 2032 800 1461 853 1035 616 531 605 1027 384 211 1714 506 521 677 427 594 306 1119 750 172 718 1991 886 188 661 472 892 266 1186 313 413 543 233 1377 361 818 243 119 313 1194 1291 722 1580 24576 1138 3734 1837 350 186 163 292 319 255 205 387 1355 1193 1747 1205 529 128 497 291 243 646 192 186 428 1051 671 1210 2052 544 878 219 1893 215 1425 650 0 140 641 453 1164 1586 
1271 841 744 581 1746 939 2576 2225 2026 343 2296 650 343 3413 296 1183 410 618 1134 1632 3320 1918 1005 0 1404 1761 839 2005 693 1592 844 1638 533 441 1212 1402 435 208 1333 497 719 1227 439 1307 353 664 740 497 588 2111 888 208 770 635 576 421 1328 366 575 489 240 1411 571 739 231 156 800 1490 1279 1045 1414 1138 26542 2761 2025 326 231 160 267 354 445 237 357 1270 1092 1804 1074 550 132 576 285 194 1601 386 370 419 826 750 1432 1840 592 793 209 2156 331 1299 589 0 270 563 403 1241 2199 
5416 2374 1941 1685 4332 2645 6812 7255 5520 1081 3564 2484 636 9684 698 3385 651 2026 2848 4718 6608 3646 2414 0 3049 4383 2471 5125 1802 3933 2083 4636 1492 666 2525 2944 953 539 2303 1407 2858 4963 768 4225 766 1193 1565 1513 1734 5036 2403 512 2130 2207 1674 1121 2998 1070 1336 1277 616 3987 1420 2279 589 461 3361 3179 3956 3400 4168 3734 2761 70182 5024 682 845 412 811 1340 1485 623 877 3549 2730 5047 2815 1385 393 1580 656 738 5632 1105 1116 1177 2169 1916 3667 4717 1496 2269 553 6781 661 4103 1815 0 971 1702 1291 2738 5858 
2687 1088 601 690 1654 1435 2897 3504 2284 578 4590 1289 504 5289 452 1530 767 1136 1646 1807 4644 2887 1462 0 1793 1568 830 2733 1012 1480 717 2399 592 700 1430 1335 407 307 2190 542 1438 2400 653 2115 358 1570 1163 766 1302 1541 1207 231 832 1018 771 619 1202 450 714 618 332 1457 747 849 304 165 1846 936 1907 1616 2011 1837 2025 5024 35919 642 363 244 227 640 770 407 387 1502 1271 1653 930 683 235 506 252 204 2765 601 583 645 1374 956 2084 2171 541 1012 244 3192 246 2834 712 0 409 757 402 832 2921 
534 298 201 187 546 383 735 735 702 127 475 278 71 1180 82 443 77 253 310 589 770 438 332 0 381 538 331 564 248 489 262 664 177 99 374 368 145 86 229 171 390 485 127 502 103 147 175 229 255 567 303 58 234 254 216 135 391 129 178 131 75 433 194 280 73 50 359 351 420 385 443 350 326 682 642 8525 108 52 88 156 205 80 128 539 346 531 326 171 46 193 79 65 547 146 130 167 232 240 565 445 179 262 99 785 83 399 155 0 119 191 185 247 867 
223 146 139 86 308 179 421 353 329 73 648 114 95 779 89 212 118 100 216 411 715 496 175 0 337 322 283 353 141 295 155 320 80 114 269 253 76 75 334 121 160 194 134 233 89 258 194 98 188 321 185 46 188 78 147 86 198 75 96 83 83 220 132 230 49 46 132 194 236 156 282 186 231 845 363 108 5422 35 43 99 73 50 59 261 194 340 197 98 23 122 46 52 268 75 66 83 169 151 257 269 124 161 48 312 48 332 101 0 57 151 93 211 522 
242 82 92 71 231 141 257 276 233 38 360 99 38 400 37 141 62 80 122 208 381 245 108 0 208 213 129 149 60 185 120 200 72 73 149 143 49 22 184 77 92 180 68 208 65 119 95 82 95 225 79 30 96 105 47 60 161 55 74 47 29 150 71 117 34 16 151 149 136 164 136 163 160 412 244 52 35 3337 36 41 62 31 43 145 115 228 143 57 28 54 33 40 237 57 55 39 62 57 116 193 63 103 21 269 39 194 69 0 45 47 56 118 273 
403 143 58 79 131 175 282 457 400 68 640 177 75 608 81 182 107 133 208 196 652 359 273 0 314 144 80 385 129 139 80 302 72 101 210 179 53 47 326 72 181 341 89 277 50 229 174 124 189 180 171 54 123 100 103 90 109 66 79 90 37 186 100 102 38 28 228 106 239 223 245 292 267 811 227 88 43 36 4758 98 115 56 38 139 143 154 84 111 27 50 28 30 393 86 85 96 201 139 261 277 71 117 27 370 31 429 99 0 90 114 32 85 321 
415 172 185 120 471 264 627 611 620 104 939 218 109 1285 112 387 175 173 332 596 980 785 327 0 508 492 321 428 175 434 231 541 110 189 338 319 103 65 488 138 263 395 200 376 103 346 257 168 291 537 224 65 225 151 143 119 289 92 141 114 56 389 170 309 69 57 240 314 310 286 367 319 354 1340 640 156 99 41 98 8204 137 69 99 448 259 519 332 150 38 169 70 73 539 103 128 92 257 188 362 394 191 240 57 516 63 547 165 0 83 166 155 268 940 
296 279 234 223 799 314 887 439 725 102 1288 136 169 1356 134 420 252 136 326 609 1265 947 321 0 646 669 415 527 251 633 324 535 154 254 488 515 172 68 650 235 180 317 204 360 122 439 341 131 242 788 346 95 321 227 219 126 474 148 196 160 93 523 193 278 96 68 179 517 355 299 442 255 445 1485 770 205 73 62 115 137 9837 77 131 492 398 618 412 206 48 310 291 83 353 111 105 142 292 247 429 581 213 260 86 744 118 512 162 0 75 234 142 358 898 
295 147 119 112 284 163 735 398 365 73 500 97 55 677 67 202 91 144 172 303 602 383 185 0 257 322 183 390 129 298 167 313 97 86 198 201 75 38 244 84 127 253 92 269 55 155 151 102 121 474 171 33 157 122 110 73 206 78 128 110 40 241 87 121 46 27 157 265 258 188 248 205 237 623 407 80 50 31 56 69 77 5161 54 233 194 346 197 112 24 108 45 40 285 77 65 86 186 145 257 310 113 152 46 416 45 343 128 0 59 116 73 217 421 
520 176 88 133 272 278 292 548 329 100 896 254 106 722 114 206 122 195 299 279 763 496 230 0 336 224 140 392 99 266 132 411 92 135 383 235 64 48 409 123 216 357 146 402 62 268 247 185 239 235 189 49 150 157 138 109 129 65 140 105 52 226 159 125 52 26 310 179 257 270 260 387 357 877 387 128 59 43 38 99 131 54 5985 166 173 261 150 128 41 66 41 38 406 129 109 91 191 168 324 277 79 127 39 445 44 486 82 0 70 157 70 131 481 
1693 586 330 430 910 1134 1097 2166 1488 376 3247 729 394 3049 394 700 476 670 1063 1048 3176 1941 851 0 1293 807 482 1418 504 790 469 1474 325 498 1336 950 224 159 1550 369 853 1287 475 1512 221 1120 947 726 875 939 639 152 549 587 408 444 506 325 481 390 225 842 627 506 192 109 1109 669 1081 1052 938 1355 1270 3549 1502 539 261 145 139 448 492 233 166 22504 633 944 523 411 112 350 166 164 1716 475 455 359 797 621 1249 1063 375 548 147 1817 157 1754 340 0 328 489 270 437 1835 
1385 458 386 296 1091 719 1270 1811 1059 279 2820 643 283 1947 325 530 410 540 847 1055 2571 1573 599 0 1136 998 595 1187 280 1049 469 1060 288 441 911 900 260 101 1366 461 587 1221 426 1138 264 967 861 508 593 1220 319 146 366 457 223 337 570 195 466 291 105 634 374 534 115 74 896 662 684 786 862 1193 1092 2730 1271 346 194 115 143 259 398 194 173 633 18684 977 655 254 122 382 168 138 1389 355 304 163 527 349 715 1283 344 420 91 1368 112 1485 329 0 243 355 250 602 1337 
2646 868 383 557 835 1092 2070 3328 1813 481 4670 1157 456 3980 457 1176 626 859 1613 1098 4295 2312 1173 0 1496 857 464 2404 832 794 478 1958 431 742 1226 1004 223 257 2191 366 1044 1882 536 1731 242 1570 1110 707 1067 1028 1177 194 678 807 763 494 749 331 601 585 281 1166 688 499 284 121 1574 717 1704 1400 1469 1747 1804 5047 1653 531 340 228 154 519 618 346 261 944 977 29914 602 599 175 350 202 172 2517 533 503 566 1334 984 1690 1808 356 840 234 2385 173 2805 674 0 427 648 301 575 2164 
