6436461 220117 128565 153818 411724 193690 645363 317489 466288 94480 448888 99491 162571 1112764 75664 256726 150627 231710 204107 319060 753840 572970 154658 0 431789 601876 263164 398855 224529 426727 186919 179775 158285 184521 319502 454795 135887 71617 337352 142842 140123 244955 161297 300083 130986 216703 207564 81783 157092 362188 149644 56297 385848 223681 116933 139490 388619 148309 144656 124404 52620 386525 185901 154773 75556 35754 212821 211515 158117 232710 338954 114317 294805 1348099 396530 435375 53609 42866 61424 106384 120110 46787 97888 285857 191006 338006 213158 213429 34875 107706 41491 30722 284875 135314 84120 113282 222057 119236 297133 221139 162145 174892 45658 741506 91824 271106 129692 0 35351 142703 80887 113591 85716 
220117 3001275 46251 88171 184201 140362 200366 341482 164798 78756 213310 99683 63204 365380 40395 81468 67032 167975 88155 122634 346624 273419 65853 0 193526 209198 119014 115332 52996 194711 82533 105367 54052 76616 216694 207140 61897 20790 142983 65859 83851 127600 75297 292924 51576 107003 106790 69367 66882 165961 40055 25783 142060 104898 48802 87612 210786 57428 73562 44269 23721 155537 115624 59785 24993 12555 290752 92579 50092 136393 109973 104461 157918 571801 163805 204244 27132 15140 22692 40642 69678 24234 34925 97464 64895 112598 83125 67049 20790 41179 19844 12071 268503 106163 63100 25906 60174 39023 74191 72503 68835 63776 15838 304335 33720 185674 39716 0 29613 53658 29044 42733 39955 
128565 46251 1523259 40709 43646 53711 89958 186840 144069 44375 100684 52189 33570 234656 25165 41382 29622 106464 58297 46092 163514 126176 40256 0 81403 58133 30918 93382 48168 46568 24125 46123 24183 38865 71611 71557 16906 19673 74449 21980 56017 89494 37712 137308 17913 58348 51078 30638 46673 37831 36529 10524 75161 61834 26568 42262 53099 35157 31788 31017 14505 73828 57595 18673 16479 6822 197146 27271 39909 79183 75713 58441 86220 327674 58218 111641 17273 11077 7369 35119 42744 13311 13899 35311 37193 34869 24095 43672 10798 11865 8257 5260 152907 48814 30280 26310 45849 30191 68552 44306 21754 34020 8662 173837 13574 103751 27597 0 16047 30917 11148 11716 20282 
153818 88171 40709 2639966 160805 113719 220025 242962 147409 55593 157503 76111 54451 408425 33779 83407 60254 155056 89913 102052 287517 271410 58978 0 149537 190202 108313 151061 75700 154942 65499 91177 46203 68114 179945 166780 51424 22315 110474 53569 74595 135551 60668 238633 44142 78104 89668 53981 72186 111287 48589 22208 138407 94725 39690 69061 133478 47918 77736 48976 22704 131009 91676 52417 24538 10718 225433 75889 48314 130445 137819 73291 143328 508390 134503 154947 24696 17026 19600 35575 74949 21463 34908 97772 63509 98508 70752 62227 17702 37992 16202 10249 180833 89395 56482 42257 62845 45220 122238 74996 57317 66038 16835 286736 35613 127675 34985 0 23793 46236 22585 37476 34982 
411724 184201 43646 160805 5113885 207764 330717 742769 253075 129561 358270 179379 106778 767801 69439 142205 120074 444060 212980 137128 559373 408720 128118 0 239847 162506 99372 330033 167552 144079 67298 169991 102698 134615 285923 234930 56200 50651 242763 72875 199833 327400 117431 552517 52338 186898 188319 107993 171563 101164 109675 33622 242376 230608 77461 148005 172861 92727 136779 111380 45214 237322 200497 53117 44758 16211 584178 73035 117705 397391 259282 176764 321125 979799 194342 341435 57075 35592 22055 88924 188719 45770 50865 123016 133157 98172 70095 123328 35479 30550 20746 14381 482809 196650 116360 92605 183028 102275 321493 157458 69218 119692 27855 679163 48589 329838 68814 0 52106 83384 27294 33948 61923 
193690 140362 53711 113719 207764 3581422 334666 274701 211423 63416 220806 93678 70087 544237 43926 126098 71786 206382 126377 290696 408107 232210 77331 0 188804 249229 149025 227344 107948 222735 89801 124019 75531 80629 217746 221451 68014 37969 144215 74116 125050 189401 80967 314357 66320 107359 127685 97362 107055 159138 65124 28488 235128 151467 47661 92326 191939 81389 113349 71785 28309 183887 122953 79893 32099 20205 221854 88931 69183 186695 188709 82971 197526 577552 169217 200938 40181 23417 26606 52819 108849 29127 52094 153079 98968 129684 89081 80981 22003 45840 22333 33074 212480 111486 78733 66752 81982 57423 191591 110163 71858 105474 23817 453960 49839 148490 48612 0 29492 60629 31379 49491 46013 
645363 200366 89958 220025 330717 334666 7979234 1057576 452740 227318 649222 355808 184048 1109823 110476 181235 169836 539596 254193 261440 957053 802276 179948 0 446082 389217 191896 416616 169300 317102 156500 260317 168090 195666 491214 452605 111858 67760 421991 138920 247230 417911 190599 778995 114028 300047 279406 170948 214641 275971 139733 52435 388169 331398 132141 230261 296567 155596 194702 139979 64085 408687 290313 110599 75206 30830 1009605 199020 197809 407622 332123 309547 500487 1626292 391951 600628 78920 43621 46505 140263 225899 97160 65975 174013 178216 242238 172696 175957 54010 79712 40067 27420 723357 322957 158306 91291 270553 130805 326968 203747 139601 168178 38618 977962 68763 559882 108265 0 82423 140311 63769 81130 103281 
317489 341482 186840 242962 742769 274701 1057576 10466336 680129 177076 693941 181072 253404 1723047 120147 424160 221900 392958 328313 509727 1208304 1181729 265270 0 779944 926982 470602 697951 399978 662202 285998 309285 246313 254929 486277 753958 204691 129805 545278 271842 269969 382909 270400 475427 215006 346538 336620 129134 247570 473807 257927 85990 587218 365017 187774 225995 519030 245722 210070 200448 84280 759617 297821 232166 129275 61446 446718 338512 351011 381137 591240 201189 578439 2194778 640075 778799 85018 63221 91619 204899 191088 75095 139167 443982 329377 499037 336834 346053 57701 144715 65704 48298 526912 241808 127195 170696 355156 189714 430446 333689 244685 250430 74186 1145547 131030 505479 257231 0 59827 242250 121803 156906 128093 
466288 164798 144069 147409 253075 211423 452740 680129 5705392 143745 391155 174169 123274 884136 66209 179253 113452 425046 214014 210818 593100 469753 145697 0 296790 346290 158999 367238 174225 252626 108096 165771 94838 144766 267377 310384 81451 59811 261420 91232 205724 316535 122222 523448 83599 188040 161716 104545 171630 198786 124532 37810 272570 238750 82991 134433 260728 102955 119208 106084 40675 246253 178469 92148 53866 21781 722065 128209 134353 285362 259736 172174 355825 1148524 253242 447898 57419 36692 53800 106624 160601 49212 61941 195044 135030 205527 127402 147717 39424 59822 30251 19968 515610 191346 101511 91985 165092 98882 252555 166213 99003 134043 33085 712639 55848 354722 90406 0 53308 97769 50507 64506 73903 
94480 78756 44375 55593 129561 63416 227318 177076 143745 2338366 124538 45356 50986 359900 24568 93564 41186 106581 71278 118642 231217 235044 59850 0 166058 195233 83967 141987 86031 144450 64528 69187 54414 50580 85498 154429 44482 30727 103393 54007 81813 93112 52806 126864 51249 72531 63194 28903 57217 105433 58025 18010 136604 89957 42356 50552 132780 59956 41233 47026 19839 175703 65182 49690 29033 13480 135376 76558 76364 102667 131952 45772 116623 459535 134488 162236 21228 15416 22916 47858 44750 16938 33988 100832 74405 114770 72684 83702 14080 32531 17669 11732 144305 45342 29865 39128 57425 41906 91413 72801 56629 60595 17505 284984 29667 117662 66296 0 14716 56569 29938 33569 27756 
448888 213310 100684 157503 358270 220806 649222 693941 391155 124538 5630114 170035 59601 735051 56005 245710 45509 376104 189630 287779 502401 311300 140268 0 250919 462931 217987 446709 222118 353079 143464 198385 172564 44025 257177 360459 109323 58436 105214 120727 187300 326908 72741 500104 100042 55198 125319 107620 130331 303141 147099 38505 332531 256403 116371 133865 344645 112946 123297 110115 45408 370572 176352 124937 59682 31355 563570 189090 149673 292166 346198 177388 176377 394978 319088 143490 61012 34854 48634 98925 156355 41669 85100 259700 183307 278883 178629 163131 43465 84900 40044 25779 482688 160139 103066 104751 195153 112867 279512 214527 122860 157500 42730 770393 77850 211140 110987 0 54580 117611 60966 92676 77882 
99491 99683 52189 76111 179379 93678 355808 181072 174169 45356 170035 2789069 63346 442968 34834 106383 61251 119953 87643 125787 309711 256185 67289 0 185177 231922 115179 155417 97716 182055 81058 88359 63085 70548 156140 194952 60541 32971 131732 66101 67284 105357 71694 168171 54299 87011 95266 41241 67014 143977 60720 25012 159876 102217 47146 65289 140904 66999 68740 55400 21305 180350 85540 62673 31200 15292 117788 87365 82038 113893 148493 57003 129522 513917 173535 176661 25160 18504 25978 44698 56559 17378 41257 113303 82092 126803 88320 83557 15457 60475 17718 13639 154195 60128 43200 47414 65109 50086 124016 88119 66399 72253 20753 312950 40783 125801 57693 0 17360 63219 31257 44107 34985 
162571 63204 33570 54451 106778 70087 184048 253404 123274 50986 59601 63346 1968536 240054 20250 74865 18001 164873 64384 98300 161246 105741 46160 0 85599 155390 66677 123143 64718 117482 52285 66158 47034 20842 86760 110363 35280 25038 42047 40170 68831 113698 25813 184362 33635 32686 44818 39495 48224 89192 39380 11936 117803 102049 34563 50961 110286 46482 40129 38248 15471 130797 66749 40646 19040 11990 269554 57498 63060 113904 102486 67938 80296 189166 98523 77073 24094 11721 17078 45647 57230 14688 26589 77622 57796 94332 61165 58447 14368 26339 14300 9262 187098 62916 37283 32331 49873 34007 85569 62003 39348 52533 13734 274561 21618 88492 46977 0 20300 43794 24503 27881 24420 
1112764 365380 234656 408425 767801 544237 1109823 1723047 884136 359900 735051 442968 240054 13423301 164650 440726 225691 906533 456489 564724 1489144 1113108 314119 0 791796 966071 468043 794250 323687 732034 301844 498794 251977 261886 832025 836237 226219 121960 507479 270871 452631 710818 269257 1341917 241354 379368 405578 284161 342312 551971 243248 98939 749037 629617 198158 381622 708072 274700 312880 236532 104153 793263 491206 252638 127906 61239 1545775 365454 319285 719595 644889 452299 724137 2232192 736222 798389 138671 76160 98366 237804 362895 112690 151787 468708 294378 527572 350842 368479 94969 181432 86938 53318 1286294 466603 279269 175643 292983 222774 488125 402419 285302 309337 78767 1774267 199998 758846 214765 0 137602 244329 129410 180410 190872 
75664 40395 25165 33779 69439 43926 110476 120147 66209 24568 56005 34834 20250 164650 1165881 45171 19810 70722 39385 54100 106850 83140 26364 0 63978 90531 49457 69833 36614 73726 31769 39730 25860 22844 60676 70100 23527 12048 40988 25754 38270 62981 23072 98373 21479 28721 31757 21548 30488 55599 23744 9264 64529 49862 18242 27470 65495 24252 27166 22343 9663 70562 36718 25778 11593 6559 102281 35238 27822 58876 61786 31760 59893 164775 59434 57320 13085 7562 10655 19636 33310 9078 17428 51812 34794 50014 35277 32406 8425 16775 8367 5387 90709 32969 22406 19612 25633 19391 50636 37371 25087 31326 8646 140027 15398 57593 20974 0 10691 22215 12900 17981 14855 
256726 81468 41382 83407 142205 126098 181235 424160 179253 93564 245710 106383 74865 440726 45171 3261321 69179 216713 104414 114859 378577 323750 77211 0 196082 180578 88842 162927 82093 148153 67907 104926 57335 80177 192403 193133 51441 29777 166214 59640 115742 166684 80392 306432 50191 119799 111662 69433 89774 117894 62056 24715 143783 122908 53886 90800 133525 61342 74208 57542 24417 157253 120611 51251 30278 11003 400695 84344 76536 160782 140083 119838 199498 653510 168157 245541 30803 19503 21905 56459 84007 26219 32150 85480 73319 110432 79202 75273 23274 34698 17520 11982 304583 124428 62800 41105 102848 54361 128840 82344 61330 70191 17472 348523 30068 217716 48334 0 33510 61255 29262 36141 42653 
150627 67032 29622 60254 120074 71786 169836 221900 113452 41186 45509 61251 18001 225691 19810 69179 1795189 127716 61183 80666 158533 88866 42338 0 78364 133964 68155 119916 59283 104638 44088 69898 39069 17439 97429 107320 33568 18941 33730 38334 59825 104163 24179 185019 30439 25606 45438 37434 47213 81590 40392 12206 106119 97815 29362 47292 101928 38133 44171 36454 16003 116473 63171 37403 17675 9405 194119 52724 48677 105154 107738 55591 72028 148263 97176 54163 21434 12035 14919 32831 56585 14190 25555 73771 53062 78977 51356 50560 13579 28177 12853 8172 164061 55222 39181 32782 39432 34504 88746 60845 37822 49961 12992 262670 25134 72717 34327 0 19313 35551 18084 26391 24018 
231710 167975 106464 155056 444060 206382 539596 392958 425046 106581 376104 119953 164873 906533 70722 216713 127716 6250672 161446 329793 694008 670178 138152 0 456898 563116 252597 310179 219165 414708 187570 191119 215743 156180 335337 453783 138314 81065 307863 146416 153181 188178 165288 352582 124951 195606 199837 88554 123099 327558 113106 51847 370667 202414 147311 150345 434934 165547 126851 106895 49001 447812 199078 137039 77072 34459 312637 202926 185478 232823 294132 125846 284895 1317669 384083 510726 47824 34089 55881 108684 99540 43755 86698 245188 172903 291104 211446 194166 35641 95850 74010 27219 345559 158684 88338 80886 332709 98251 223830 169601 150941 141910 40504 644558 77963 282523 144780 0 37489 151701 76828 94160 70846 
204107 88155 58297 89913 212980 126377 254193 328313 214014 71278 189630 87643 64384 456489 39385 104414 61183 161446 3215931 148330 345939 274583 70459 0 194378 243230 123379 167502 76793 193114 85642 110643 70717 71160 201119 209394 61609 29995 136365 71414 85139 134372 69685 267867 61288 91877 101562 61549 69682 150161 57280 25757 179285 122343 49522 85328 165886 70077 74647 54658 24552 205269 111103 66342 32931 16747 274818 99007 73652 146778 146789 89337 163637 522893 188576 182385 30682 17570 26923 51081 70084 24254 39513 122112 80481 141460 96038 83810 21077 53837 119958 13824 238823 99103 60308 72809 79968 49417 109291 100985 74776 73797 19360 378242 58538 163992 55207 0 28343 63460 33860 46886 43089 
319060 122634 46092 102052 137128 290696 261440 509727 210818 118642 287779 125787 98300 564724 54100 114859 80666 329793 148330 4260338 462891 371146 99373 0 217586 177109 97884 278576 138480 189418 74345 119556 71820 105908 198741 217207 52128 69075 211486 67602 148905 245961 110695 364982 57234 162345 144808 162426 124690 142357 92204 27652 268675 167511 71234 116687 169470 99327 87266 85774 36603 206541 154025 61055 45920 26264 513502 86618 110372 233553 210224 145598 238570 892363 178668 329787 57295 28560 23390 114338 117471 33693 41263 113434 115483 112693 77214 114699 27362 35946 23169 19416 384411 137899 78278 69180 127137 76574 189010 127438 64579 135303 23238 471935 39439 270350 77781 0 42089 84938 33216 35730 54964 
753840 346624 163514 287517 559373 408107 957053 1208304 593100 231217 502401 309711 161246 1489144 106850 378577 158533 694008 345939 462891 9979553 752582 234232 0 507537 758524 361468 658967 303191 570929 243152 335141 220853 183614 465178 589893 175973 98199 332613 197587 327001 587205 176980 883107 170772 245019 261023 182652 265116 451193 194534 69026 571896 467761 140456 223815 565056 191261 218550 191556 72402 645178 297749 203939 90781 53926 1117778 301962 271093 539251 531187 288420 547546 1454729 525510 502424 113188 59530 81013 170386 284416 78119 135459 420701 288762 438641 286604 271699 68097 133560 66061 42833 878686 294678 187155 159246 229428 160067 439367 318872 207454 263478 65475 1340938 125507 523880 192380 0 94667 181869 104736 145103 130567 
572970 273419 126176 271410 408720 232210 802276 1181729 469753 235044 311300 256185 105741 1113108 83140 323750 88866 670178 274583 371146 752582 8452110 195932 0 399266 634893 256652 584958 326628 454479 189678 288064 169417 95479 342425 502540 142780 108936 217125 182375 330962 473760 114798 682681 138774 163452 199325 144744 217419 330753 190435 47436 574776 368219 133922 218396 429088 196124 153620 159082 65503 600998 276198 155660 88588 41657 1692134 278045 305563 455168 502144 262842 412058 989697 432724 408082 87628 47943 66985 177563 226857 56735 103402 305679 253617 341022 225746 274492 55087 99674 50022 34042 821798 265331 137285 139023 205581 139224 351440 246009 152669 209331 57599 1125912 94990 438152 212873 0 80424 181892 94485 105628 91230 
154658 65853 40256 58978 128118 77331 179948 265270 145697 59850 140268 67289 46160 314119 26364 77211 42338 138152 70459 99373 234232 195932 2299618 0 140202 166149 80767 113001 64361 134240 58115 73368 69094 49190 120401 146735 44282 21021 96633 48890 83244 111619 48164 184606 41608 66466 65366 44189 54257 97274 43163 18235 125186 91779 41544 59641 109325 48768 47173 36237 17119 133038 75731 48000 22450 11668 234650 70656 55421 112128 99961 76345 123598 399419 125780 144502 22425 12817 25732 39634 53405 17980 30064 81838 58260 99213 69673 58969 16253 32160 14701 9854 198798 75423 39815 30230 74515 35969 80290 61340 49860 51125 15350 268922 27044 129224 39471 0 21680 46566 23848 33004 30279 
0 0 0 0 0 0 0 0 0 0 0 0 0 0 0 0 0 0 0 0 0 0 0 0 0 0 0 0 0 0 0 0 0 0 0 0 0 0 0 0 0 0 0 0 0 0 0 0 0 0 0 0 0 0 0 0 0 0 0 0 0 0 0 0 0 0 0 0 0 0 0 0 0 0 0 0 0 0 0 0 0 0 0 0 0 0 0 0 0 0 0 0 0 0 0 0 0 0 0 0 0 0 0 0 0 0 0 0 0 0 0 0 289 
431789 193526 81403 149537 239847 188804 446082 779944 296790 166058 250919 185177 85599 791796 63978 196082 78364 456898 194378 217586 507537 399266 140202 0 5621424 339037 159878 379181 200597 258137 120575 193980 103955 89647 256295 323948 83033 69515 172011 109973 228526 346648 94478 501227 87174 140595 152752 105905 166987 197538 138482 33749 289063 254523 95885 145925 259392 120480 117190 114454 46903 372836 196096 91270 58542 26304 731469 138055 189018 323960 335742 182118 296681 804715 265091 312741 62413 37075 44440 122034 164786 42319 66545 193364 167638 191320 128184 172392 40153 60290 32360 22220 579433 183679 104489 97896 146920 102882 261000 173185 97204 141149 37955 779855 59971 331892 121734 0 57564 115374 52049 63043 67109 
601876 209198 58133 190202 162506 249229 389217 926982 346290 195233 462931 231922 155390 966071 90531 180578 133964 563116 243230 177109 758524 634893 166149 0 339037 6858799 117456 448033 231518 174200 98902 216223 115313 172643 344554 346877 69465 93264 332058 98054 266040 373843 162503 659832 78297 256304 232997 132521 206264 149555 152067 39673 352990 301751 116424 194630 252392 155034 155989 143395 57667 373538 251887 70225 73067 26105 994198 108536 218551 430961 352194 228660 426034 1499261 263219 581729 72880 45852 30851 152651 199444 56790 58283 147452 174617 143767 98788 190528 46183 47681 30635 19821 707198 236062 135929 111386 219570 128691 333172 197644 89884 157903 36494 930071 56894 447717 124667 0 68514 133475 43304 49151 81908 
263164 119014 30918 108313 99372 149025 191896 470602 158999 83967 217987 115179 66677 468043 49457 88842 68155 252597 123379 97884 361468 256652 80767 0 159878 117456 3373272 210139 100420 102415 51575 115480 54169 81684 197187 163224 50523 40689 150939 57315 120429 202223 115827 351602 47666 122760 132225 74093 112589 77122 68921 23749 191483 150053 49508 97181 113768 66912 99191 72602 34068 162384 132618 45836 30624 18832 362152 52978 79588 412291 180434 116307 193965 633689 130096 233470 58365 23581 15566 71380 114731 29616 30330 77549 95701 66102 47991 81380 22963 25213 15011 10799 316358 111597 83261 58788 87132 61793 171338 98132 47919 80437 18456 425855 30440 204651 47067 0 37005 56048 19785 23864 42288 
398855 115332 93382 151061 330033 227344 416616 697951 367238 141987 446709 155417 123143 794250 69833 162927 119916 310179 167502 278576 658967 584958 113001 0 379181 448033 210139 5693194 96570 329060 144487 190734 106073 138605 353271 359461 103523 35864 276228 117354 123314 234479 133187 500322 100068 224286 181215 106358 122519 293851 68329 42439 286850 212059 61667 161627 312842 105247 122030 83909 31545 335799 177894 112979 48833 27883 603703 185768 113202 257457 225987 179660 328444 1135971 341325 416007 50916 25580 46774 76354 117661 42865 64318 202942 132523 254215 170377 126116 34988 76887 37735 23670 461973 188341 100137 48705 102313 64301 153379 164716 130378 114456 28407 663591 59075 341304 101245 0 50059 91342 59330 80207 72621 
224529 52996 48168 75700 167552 107948 169300 399978 174225 86031 222118 97716 64718 323687 36614 82093 59283 219165 76793 138480 303191 326628 64361 0 200597 231518 100420 96570 2993021 191554 79388 84958 83752 67649 157975 169809 61087 18122 148551 59937 69268 135384 80011 254027 52626 110035 90063 63866 67666 133663 30618 21639 154995 124407 28565 78563 147112 59290 52759 40777 13650 189792 89140 53295 22464 16143 404453 95949 64867 142875 102545 120715 157700 608147 179259 263713 30368 12697 23852 41020 69444 22261 28079 90586 56180 127651 94259 59975 21691 34363 20242 12109 289396 114184 50712 19115 59858 28053 64633 62511 64226 51586 12355 355372 24758 198674 52922 0 28180 52690 33656 37695 33710 
426727 194711 46568 154942 144079 222735 317102 662202 252626 144450 353079 182055 117482 732034 73726 148153 104638 414708 193114 189418 570929 454479 134240 0 258137 174200 102415 329060 191554 5358554 85460 174049 115232 125776 287897 272800 66299 65758 254948 83825 399234 330280 134586 524569 80607 193170 196008 151386 174847 122035 120845 34569 298722 236451 86972 145742 180953 106742 129767 111240 44813 269158 201190 65343 51091 21019 681762 86576 141718 302226 280529 197097 324988 1034191 208317 393358 62536 36910 23497 107602 167375 44444 53640 119926 152213 105181 86039 135637 37138 36499 23843 15907 512131 204946 111565 92862 193060 97442 269000 152887 70977 161006 30910 676715 45782 352452 82575 0 55438 99403 31464 38907 62404 
186919 82533 24125 65499 67298 89801 156500 285998 108096 64528 143464 81058 52285 301844 31769 67907 44088 187570 85642 74345 243152 189678 58115 0 120575 98902 51575 144487 79388 85460 2330104 76915 56347 55421 122936 109856 29592 26231 108457 35745 142501 142590 57656 227008 27722 85331 85387 49970 78636 56349 47300 14912 109545 100893 39911 65499 80810 48405 54918 48128 19874 113491 89187 29142 20973 8796 303529 37365 64806 135030 117989 82751 137113 444167 89213 179367 26434 16468 12393 48679 73517 22836 25486 57744 59638 55328 41889 60649 16783 17087 11191 7845 225683 81962 48378 39878 100062 39640 110802 64480 33062 54402 13586 282569 20830 154695 37336 0 23913 40689 17012 18690 28494 
179775 105367 46123 91177 169991 124019 260317 309285 165771 69187 198385 88359 66158 498794 39730 104926 69898 191119 110643 119556 335141 288064 73368 0 193980 216223 115480 190734 84958 174049 76915 3087487 68865 77870 195300 200202 59200 27103 140892 64457 84094 162568 74788 265721 52427 92684 105521 61428 87447 117355 54814 26699 166023 134708 57865 58998 150654 61131 86768 56955 20202 112143 81688 59768 28244 14548 258372 80637 67727 152027 159572 85732 178178 550471 155604 202185 31816 19995 24115 45257 86732 25788 41499 115268 75610 113435 83634 63506 21375 40523 19497 13011 212264 100081 61863 48468 93006 48467 129704 88271 66074 78269 20751 373102 40889 169959 46460 0 27959 54195 28795 41991 41088 
158285 54052 24183 46203 102698 75531 168090 246313 94838 54414 172564 63085 47034 251977 25860 57335 39069 215743 70717 71820 220853 169417 69094 0 103955 115313 54169 106073 83752 115232 56347 68865 2087136 50582 99689 103020 37127 25785 107905 35951 73614 93825 51479 192269 27352 75283 61441 46725 62390 69677 44606 15167 64701 55990 55060 57805 87312 35278 43188 37011 19674 82129 78608 33608 19148 3758 254417 49483 37680 93939 86372 96708 114374 482705 96628 165873 17842 14182 12840 36617 54417 18140 21087 51870 48125 67399 51114 54636 18109 19052 11013 7248 197360 74700 39556 32381 103865 42712 96455 51421 34381 44737 14437 156306 15613 143564 33991 0 19110 52333 17596 21639 24502 
184521 76616 38865 68114 134615 80629 195666 254929 144766 50580 44025 70548 20842 261886 22844 80177 17439 156180 71160 105908 183614 95479 49190 0 89647 172643 81684 138605 67649 125776 55421 77870 50582 2158198 104082 131587 38940 28042 40766 44525 80231 130719 27491 217368 38358 27016 52468 45033 53865 106259 46952 14505 143424 109800 36465 58032 126282 50026 49799 43360 20263 144283 80375 46528 21211 12661 263959 66460 54725 124935 128609 65829 84168 172450 109241 61901 27144 14103 19437 45667 64579 16841 31354 90221 62378 104133 64408 63196 16204 32628 16118 10345 208649 65028 45595 37832 48003 41537 103542 74647 46470 61038 14990 324247 29378 81309 42514 0 22625 46325 24779 33837 30466 
319502 216694 71611 179945 285923 217746 491214 486277 267377 85498 257177 156140 86760 832025 60676 192403 97429 335337 201119 198741 465178 342425 120401 0 256295 344554 197187 353271 157975 287897 122936 195300 99689 104082 5006999 305432 96128 43951 180435 100333 187641 306203 103645 506986 82263 124870 157274 95818 153552 198461 99515 39961 258798 235769 68827 107608 269853 90818 161034 110343 40112 273555 150328 96843 43955 22771 378512 123259 109911 294330 294930 116102 286998 688859 228203 236431 56867 35394 36442 69005 176370 43234 73577 222533 146227 173059 122796 122845 34677 64580 30558 19806 359512 136528 117430 101028 113640 88664 295169 164246 101056 151053 36077 706451 77131 229717 66908 0 45081 80792 40796 69080 62212 
454795 207140 71557 166780 234930 221451 452605 753958 310384 154429 360459 194952 110363 836237 70100 193133 107320 453783 209394 217207 589893 502540 146735 0 323948 346877 163224 359461 169809 272800 109856 200202 103020 131587 305432 5879165 84518 60411 243327 111728 195832 346490 126026 551663 104344 192648 184517 115732 178028 196757 112780 38955 296547 271041 72120 154649 253151 110434 134586 113910 42945 343279 202714 96925 51734 24507 719196 132370 159335 311228 302185 183202 354960 1091432 264455 409896 65741 37362 36899 101040 174146 46593 64019 188923 180045 180361 121615 157767 39892 57315 32632 20463 583489 200130 113104 93845 139954 91299 248836 167408 97463 147330 34645 780625 60234 367632 102451 0 58137 98377 47858 61380 70514 
135887 61897 16906 51424 56200 68014 111858 204691 81451 44482 109323 60541 35280 226219 23527 51441 33568 138314 61609 52128 175973 142780 44282 0 83033 69465 50523 103523 61087 66299 29592 59200 37127 38940 96128 84518 1703020 18435 76529 29859 66870 105461 46372 168945 22719 58180 61694 37633 56937 42441 35301 11395 82947 77173 29681 46441 60470 32171 41834 34553 14084 85167 65385 22559 14842 6964 219512 31010 42045 93761 89449 64213 105343 300859 69784 117378 21314 11926 8502 30427 56956 13935 17629 43296 54472 38730 31437 43171 12602 13407 7969 5545 161078 66782 36335 29517 60827 29597 84429 47218 23816 40595 10725 210717 15757 109414 24836 0 18066 32117 10629 14266 20382 
71617 20790 19673 22315 50651 37969 67760 129805 59811 30727 58436 32971 25038 121960 12048 29777 18941 81065 29995 69075 98199 108936 21021 0 69515 93264 40689 35864 18122 65758 26231 27103 25785 28042 43951 60411 18435 1081715 46215 23144 24601 48685 31891 76882 22044 37351 28909 25473 22928 48748 11712 8210 72286 41101 9725 27308 56591 27952 16818 14959 6678 77560 29402 23549 9419 11321 148023 32123 29388 53729 38784 33769 53725 242979 57109 102748 21069 5291 10100 21463 23230 8022 11752 34018 21704 51229 34436 25840 7221 12941 8951 5485 108070 33214 17153 8580 19165 10412 22691 22989 23867 22247 5029 109355 10025 62111 30053 0 9522 18851 16085 14896 14411 
337352 142983 74449 110474 242763 144215 421991 545278 261420 103393 105214 131732 42047 507479 40988 166214 33730 307863 136365 211486 332613 217125 96633 0 172011 332058 150939 276228 148551 254948 108457 140892 107905 40766 180435 243327 76529 46215 4120611 87609 163190 251316 50608 375710 69411 59452 91486 79202 99350 203606 93411 25458 238424 198666 77563 102338 236756 88607 81132 79464 32687 280760 133849 90376 41149 23990 513201 135909 119465 224415 245064 138407 164768 360784 219109 135734 47768 24291 36506 84757 116912 29934 59912 178578 131596 197886 131975 118415 30264 58564 30817 19433 381491 126689 74792 70250 118201 72854 183371 141483 85347 112117 28890 569724 49345 177001 91838 0 42636 86325 50071 63473 53302 
142842 65859 21980 53569 72875 74116 138920 271842 91232 54007 120727 66101 40170 270871 25754 59640 38334 146416 71414 67602 197587 182375 48890 0 109973 98054 57315 117354 59937 83825 35745 64457 35951 44525 100333 111728 29859 23144 87609 1975770 69881 117464 50704 175747 34041 66385 87537 39826 64488 57110 39548 14766 99420 83756 27504 51422 74016 37594 44798 38803 16652 101067 68632 34897 18025 9274 238295 47295 53600 110997 98021 64410 121331 369478 83718 140972 24732 13530 11793 37820 58615 15718 21053 59395 69252 53550 36986 51520 14052 18393 9723 7118 186678 66836 37710 32763 54499 32528 85428 54327 30963 45934 11634 229134 19616 130658 33259 0 20484 34748 14840 18334 25112 
140123 83851 56017 74595 199833 125050 247230 269969 205724 81813 187300 67284 68831 452631 38270 115742 59825 153181 85139 148905 327001 330962 83244 0 228526 266040 120429 123314 69268 399234 142501 84094 73614 80231 187641 195832 66870 24601 163190 69881 3253813 120247 99079 175996 62732 94257 94779 61774 69006 141271 42948 28013 186412 105714 39136 96696 179664 82407 64818 47358 19581 208581 89067 87543 27411 19339 260857 132028 68292 122616 127922 150900 143171 780848 185084 310379 28153 15810 29350 42906 61367 22882 41759 117470 74134 149362 117516 78281 18969 44612 22676 15432 212217 93759 50481 36577 64017 41424 98294 77813 110617 68994 24175 319070 39209 168301 72536 0 26279 78827 41258 46502 40628 
244955 127600 89494 135551 327400 189401 417911 382909 316535 93112 326908 105357 113698 710818 62981 166684 104163 188178 134372 245961 587205 473760 111619 0 346648 373843 202223 234479 135384 330280 142590 162568 93825 130719 306203 346490 105461 48685 251316 117464 120247 4851859 129449 331010 92470 166980 171202 87399 99628 253338 96386 43397 259496 140555 84518 129231 272232 111051 108021 83930 43050 301096 173187 107962 52933 24767 276736 170781 100442 216081 232148 121688 224489 1030798 298050 316835 38495 28386 44262 76808 89290 35918 63827 192938 137742 211437 154537 133100 29530 77419 38557 23848 318467 115778 79099 63382 119115 82152 171219 143008 119161 115927 31552 456766 62334 262361 88049 0 35078 113472 54912 75512 67506 
161297 75297 37712 60668 117431 80967 190599 270400 122222 52806 72741 71694 25813 269257 23072 80392 24179 165288 69685 110695 176980 114798 48164 0 94478 162503 115827 133187 80011 134586 57656 74788 51479 27491 103645 126026 46372 31891 50608 50704 99079 129449 2179260 197631 46036 38171 54313 45572 57984 106238 46042 15844 143136 101029 37909 57604 122988 51132 46156 42306 20685 139486 75940 53395 21724 18835 248940 63773 64053 121823 120096 70449 91306 215028 104528 80579 39742 13309 18544 51177 67524 15591 31871 84319 76119 89489 65660 63449 15564 28596 15025 10078 200372 68436 42177 37615 49374 36961 98041 66783 42536 60663 14855 275209 25542 97201 46397 0 23347 46634 29394 30379 26771 
300083 292924 137308 238633 552517 314357 778995 475427 523448 126864 500104 168171 184362 1341917 98373 306432 185019 352582 267867 364982 883107 682681 184606 0 501227 659832 351602 500322 254027 524569 227008 265721 192269 217368 506986 551663 168945 76882 375710 175747 175996 331010 197631 7971684 144943 241684 278902 130895 198692 425217 158962 71386 485534 302719 131653 192885 683757 174323 227752 153749 67193 473751 253326 178388 83934 42386 327333 242998 174366 346980 429479 165176 393773 1480207 442595 506639 73697 51394 67221 121529 188024 62915 119159 351094 220123 345262 237850 214075 47565 117935 60229 35244 416497 195766 137132 139557 268070 139813 383999 255131 191463 215079 56168 920031 120240 346585 129868 0 54567 158972 86283 125476 105445 
130986 51576 17913 44142 52338 66320 114028 215006 83599 51249 100042 54299 33635 241354 21479 50191 30439 124951 61288 57234 170772 138774 41608 0 87174 78297 47666 100068 52626 80607 27722 52427 27352 38358 82263 104344 22719 22044 69411 34041 62732 92470 46036 144943 1669415 54448 53042 34723 55533 56592 36244 13921 92555 71955 22996 44009 64723 34753 37399 32550 14262 85429 57655 34348 15918 8958 215549 29873 48164 82661 82927 54933 99112 307624 69797 109160 24511 11386 9500 35994 47311 13230 16668 47857 57545 44987 29250 57228 11620 15773 8013 5857 161518 56634 31012 30255 43924 27736 71976 45837 26355 41544 10053 201979 15342 104264 29402 0 17087 29881 12717 14663 20492 
216703 107003 58348 78104 186898 107359 300047 346538 188040 72531 55198 87011 32686 379368 28721 119799 25606 195606 91877 162345 245019 163452 66466 0 140595 256304 122760 224286 110035 193170 85331 92684 75283 27016 124870 192648 58180 37351 59452 66385 94257 166980 38171 241684 54448 2940947 65166 54899 65682 161224 71318 21227 189354 129975 56662 71104 188373 73785 60287 58569 26883 198554 95514 68950 34043 19034 312547 100900 87831 156306 173037 92644 93577 226590 165750 86267 33538 18651 27999 61457 79836 21019 45578 132072 96695 152846 99104 92194 21426 45687 23211 15452 262084 79183 53406 53520 70858 58568 135809 104724 68439 82944 22206 372893 39828 112354 71126 0 28919 71071 38428 47942 40074 
207564 106790 51078 89668 188319 127685 279406 336620 161716 63194 125319 95266 44818 405578 31757 111662 45438 199837 101562 144808 261023 199325 65366 0 152752 232997 132225 181215 90063 196008 85387 105521 61441 52468 157274 184517 61694 28909 91486 87537 94779 171202 54313 278902 53042 65166 2979312 58249 78635 145988 56445 22500 160861 133379 43632 70751 171577 61015 74185 57142 23224 181479 93719 66788 26564 16398 282355 91855 69969 166184 164539 83900 143201 369941 152581 131889 33962 18304 24623 49380 91778 22793 43920 133876 99582 120943 89126 77894 20570 42192 21302 13520 245557 85603 61541 50535 60437 48729 136649 95445 64306 81947 20580 375267 38905 139462 50960 0 28310 54324 31231 45470 36510 
81783 69367 30638 53981 107993 97362 170948 129134 104545 28903 107620 41241 39495 284161 21548 69433 37434 88554 61549 162426 182652 144744 44189 0 105905 132521 74093 106358 63866 151386 49970 61428 46725 45033 95818 115732 37633 25473 79202 39826 61774 87399 45572 130895 34723 54899 58249 1858629 50685 85905 39011 15644 140237 73498 30276 41059 102088 37577 47283 39033 15777 108198 54931 40484 18367 10899 97372 52268 42046 86268 99283 35816 95068 306617 93643 105535 21262 12520 15598 32785 45640 14249 30083 79584 56699 74801 52310 48747 11370 26795 12462 8412 105086 43503 33354 32790 49274 32114 89388 58644 39758 83155 13472 221078 25330 86474 30866 0 13295 36028 19091 26886 22599 
157092 66882 46673 72186 171563 107055 214641 247570 171630 57217 130331 67014 48224 342312 30488 89774 47213 123099 69682 124690 265116 217419 54257 0 166987 206264 112589 122519 67666 174847 78636 87447 62390 53865 153552 178028 56937 22928 99350 64488 69006 99628 57984 198692 55533 65682 78635 50685 2525432 134030 43917 22091 159487 93651 40392 69136 142042 58193 53687 41095 19597 163905 88943 63573 25999 15782 200164 87676 55833 112872 114478 73326 108577 382510 154639 141205 26240 13811 22543 40071 52729 18357 35396 104405 70808 116469 81639 69631 17169 40866 19489 11739 193251 74498 44891 31976 54204 37409 79314 70498 63850 57402 16788 285417 33979 123839 43600 0 22717 51212 27893 40931 33509 
362188 165961 37831 111287 101164 159138 275971 473807 198786 105433 303141 143977 89192 551971 55599 117894 81590 327558 150161 142357 451193 330753 97274 0 197538 149555 77122 293851 133663 122035 56349 117355 69677 106259 198461 196757 42441 48748 203606 57110 141271 253338 106238 425217 56592 161224 145988 85905 134030 4119715 93342 26045 211442 177262 65645 105858 133837 79708 235690 83274 38836 186127 148504 48336 39642 17202 569600 59910 99269 233011 206345 147707 261805 855941 149394 303433 50633 28135 19504 95815 128827 44670 33124 98223 113953 87281 56150 106386 29715 26039 17805 12335 382878 134986 85468 73320 128767 76797 221473 129394 51063 96276 21634 542430 32042 274705 65740 0 47599 72360 23218 27962 50319 
149644 40055 36529 48589 109675 65124 139733 257927 124532 58025 147099 60720 39380 243248 23744 62056 40392 113106 57280 92204 194534 190435 43163 0 138482 152067 68921 68329 30618 120845 47300 54814 44606 46952 99515 112780 35301 11712 93411 39548 42948 96386 46042 158962 36244 71318 56445 39011 43917 93342 1970101 15458 106003 81388 17111 47099 100109 37245 33678 26330 9260 122584 53430 41544 15097 11340 242612 69149 42615 89103 71373 71645 110958 407753 117042 149481 19776 8974 17397 28116 43044 14672 22310 70962 37896 97680 64138 41123 13241 26929 13426 9212 176743 65850 31813 15057 33367 18599 40080 46672 58176 37988 10014 227336 18952 130971 36171 0 19460 30125 23811 28370 25471 
56297 25783 10524 22208 33622 28488 52435 85990 37810 18010 38505 25012 11936 98939 9264 24715 12206 51847 25757 27652 69026 47436 18235 0 33749 39673 23749 42439 21639 34569 14912 26699 15167 14505 39961 38955 11395 8210 25458 14766 28013 43397 15844 71386 13921 21227 22500 15644 22091 26045 15458 724509 40198 34097 11159 19695 32350 14556 17618 15019 6830 41502 26399 13156 6802 3912 78711 16630 18808 40436 38824 23247 38827 109595 32507 39639 9903 5280 7104 13837 22786 6307 9208 24085 21749 23970 15699 19261 5662 8625 4637 3013 67156 23332 15583 12461 18794 12711 33623 22413 12335 18693 4829 94128 8540 41254 12093 0 7908 13126 6481 8307 9799 
385848 142060 75161 138407 242376 235128 388169 587218 272570 136604 332531 159876 117803 749037 64529 143783 106119 370667 179285 268675 571896 574776 125186 0 289063 352990 191483 286850 154995 298722 109545 166023 64701 143424 258798 296547 82947 72286 238424 99420 186412 259496 143136 485534 92555 189354 160861 140237 159487 211442 106003 40198 5377170 171722 81255 145952 255592 94660 119686 99675 56212 260458 190642 98151 47937 24261 778413 140478 101471 257198 270990 153295 307813 1129092 239096 399460 78218 33943 38883 97397 144288 45458 60791 169393 122096 196585 124226 144247 37550 58825 35383 21185 492724 170448 100804 78577 138283 89045 231664 139030 97967 159088 29095 488744 55126 318616 93398 0 50143 99209 52587 64267 79207 
223681 104898 61834 94725 230608 151467 331398 365017 238750 89957 256403 102217 102049 629617 49862 122908 97815 202414 122343 167511 467761 368219 91779 0 254523 301751 150053 212059 124407 236451 100893 134708 55990 109800 235769 271041 77173 41101 198666 83756 105714 140555 101029 302719 71955 129975 133379 73498 93651 177262 81388 34097 171722 3939294 70169 108393 200933 74225 93829 69197 36429 222290 141773 79694 42923 14961 301192 114080 76117 158232 325694 107807 197392 792502 215624 273651 28078 24316 30824 51541 86954 30533 49933 149034 98324 166737 109566 115782 25751 53508 26493 16277 300722 114625 69161 57216 104037 69734 152774 112867 87739 90948 24865 313156 47811 217543 69101 0 31967 84698 38491 56952 53516 
116933 48802 26568 39690 77461 47661 132141 187774 82991 42356 116371 47146 34563 198158 18242 53886 29362 147311 49522 71234 140456 133922 41544 0 95885 116424 49508 61667 28565 86972 39911 57865 55060 36465 68827 72120 29681 9725 77563 27504 39136 84518 37909 131653 22996 56662 43632 30276 40392 65645 17111 11159 81255 70169 1589056 35231 73433 26917 28089 24458 8404 101514 41214 33362 11026 9331 194543 47797 32753 81269 66267 67881 91558 333999 75891 130760 17992 8000 13089 24067 38846 12392 18968 48020 28201 67641 58029 30918 12622 17326 10976 6733 143604 53129 26378 15833 42650 14791 41153 37507 30229 31486 8389 198306 14767 109607 32151 0 14804 20485 19141 23705 18345 
